X (in.)	Y (in.)	Theta (rad.)
26.0	-48.0	0.0
26.0	-48.0	0.0
26.0	-48.0	0.0
26.0	-48.0	0.0
26.0	-48.0	0.0
27.551438292763095	-48.36439575902068	-0.13109170781416943
29.041932343578587	-48.928463600620915	-0.26218341562833886
30.445904619467953	-49.682523872733135	-0.39327512344250826
31.73926233913639	-50.61363656968125	-0.5243668312566777
32.89981091568852	-51.70582338836509	-0.6554585390708472
33.90804401130525	-52.58517180321965	-0.7865502468850165
34.41112294617627	-52.17348764198989	-0.8508823651252976
34.50408865944193	-50.75585120113717	-0.8508823651252976
34.59619357906625	-49.35134102362568	-0.8508823651252976
34.67204843693047	-48.03919058554169	-0.8496684963004395
34.59554269487208	-46.72272864881806	-0.8302475272090912
34.36702428909607	-45.2495497433094	-0.79504692918486
34.2168329935639	-43.74192050388006	-0.7756259600935115
34.2029500268435	-42.32130691619634	-0.7756259600935115
34.18906706012311	-40.900693328512624	-0.7756259600935115
34.17518409340271	-39.480079740828906	-0.7756259600935115
34.16130112668232	-38.05946615314519	-0.7756259600935115
34.14741815996192	-36.63885256546147	-0.7756259600935115
34.13353519324153	-35.21823897777775	-0.7756259600935115
34.11965222652113	-33.79762539009403	-0.7756259600935115
34.10576925980074	-32.377011802410316	-0.7756259600935115
34.09188629308034	-30.956398214726597	-0.7756259600935115
34.07800332635995	-29.53578462704288	-0.7756259600935115
34.06412035963955	-28.11517103935916	-0.7756259600935115
34.05023739291916	-26.694557451675443	-0.7756259600935115
34.03635442619876	-25.273943863991725	-0.7756259600935115
34.02247145947837	-23.853330276308014	-0.7756259600935115
34.00858849275797	-22.432716688624296	-0.7756259600935115
34.00164700939777	-21.722409894782437	-0.7756259600935115
34.854210942643284	-23.06884213785034	-0.9067176679076809
35.523458697529776	-24.515165921801675	-1.0378093757218503
35.997905688451524	-26.036561694849972	-1.1689010835360198
36.26941028194463	-27.606922442334206	-1.2999928579292164
36.752842678424656	-28.642465790847943	-1.4310846323224133
37.54529816477462	-27.60755963785953	-1.432298434568244
37.91081713158348	-27.352787558044582	-1.4505056014137616
38.05488030221301	-28.623923078649884	-1.5815973758069584
38.80306848318623	-28.434187044897637	-1.6301498651143562
39.3342657318478	-27.96257978394471	-1.6301498651143562
39.58652240671587	-26.389012438226203	-1.4990580907211595
39.63092324584936	-24.795972518132757	-1.367966316327963
39.59870830119348	-22.938559360234727	-1.2368745419347664
39.787971169489644	-21.11540239392248	-1.1628320057278383
40.311543632290125	-19.79471788258997	-1.1628320057278383
40.757549804305356	-18.66969033589931	-1.1628320057278383
40.80109377704781	-17.741852664274802	-1.1239900675451415
40.26153072977551	-16.23041941370669	-0.9928983597309721
39.60872991051218	-14.132371524180822	-0.8654479920752681
39.72233379569033	-12.716239517781354	-0.8654479920752681
39.83593768086848	-11.300107511381885	-0.8654479920752681
39.89273962345756	-10.592041508182152	-0.8654479920752681
40.62108990396568	-12.009521989292088	-0.9965396998894374
41.1579026052075	-13.510047620272577	-1.127631407703607
41.49396590387909	-15.067869523062834	-1.2587231820968035
41.74311960286985	-16.483071130131375	-1.3898149564900002
42.30025407634641	-16.882735270527707	-1.4808509238756422
42.915534331274046	-16.145470689613006	-1.4808509238756422
42.97005106965433	-16.994070610104856	-1.5658178134531024
42.61338341824837	-18.54730459375563	-1.6969095878462992
42.4430422612622	-19.815186133613732	-1.828001362239496
43.220954450489316	-19.79926807119823	-1.8753400493010628
44.48053065025782	-19.142150502377174	-1.8753400493010628
45.11031875014207	-18.813591717966645	-1.8753400493010628
44.297479548427695	-20.184372536946626	-2.00643182369426
43.736190771146155	-21.342970279270354	-2.1375235814426996
44.43853797487424	-21.602575146888483	-2.188503708531273
45.83929123944226	-21.365454936702655	-2.188503708531273
47.240044504010285	-21.128334726516826	-2.188503708531273
48.64079776857831	-20.891214516330997	-2.188503708531273
49.88591178152767	-20.680440996165814	-2.188503708531273
50.50276381990051	-20.796877438395413	-2.216421393211978
50.49693077232304	-21.34865751725196	-2.2904639627084196
50.96646783222853	-21.813162560389372	-2.3535822199260727
52.38714440670773	-21.80945136077418	-2.3535822199260727
53.80782098118695	-21.805740161158987	-2.3535822199260727
55.22849755566615	-21.802028961543794	-2.3535822199260727
56.64917413014537	-21.7983177619286	-2.3535822199260727
58.06985070462457	-21.794606562313408	-2.3535822199260727
59.49052727910379	-21.790895362698215	-2.3535822199260727
60.91120385358299	-21.787184163083023	-2.3535822199260727
62.331880428062206	-21.78347296346783	-2.3535822199260727
63.0422187153018	-21.78161736366023	-2.3535822199260727
64.27293521840502	-20.769152960147526	-2.222490454375403
65.36074591112967	-19.604500705480877	-2.0913986966269635
66.28698354679283	-18.307646504042904	-1.9603069388785233
67.0357535516244	-16.90084477622494	-1.8292151644853267
67.59420656199771	-15.408237039164707	-1.69812339009213
68.02689144897755	-13.780744659288406	-1.5670316156989332
68.67641278336264	-11.806551414484874	-1.4565746792219432
69.55994554946103	-10.694029255825972	-1.4565746792219432
70.00171193251023	-10.137768176496522	-1.4565746792219432
69.97841529508922	-8.544279899723842	-1.3254829048287464
69.7888738376027	-6.870953364384709	-1.1943911304355497
69.66943781961884	-4.7814786652748	-1.0827203917127286
70.08564203725805	-3.423130495071047	-1.0827203917127286
70.50184625489726	-2.064782324867294	-1.0827203917127286
70.85639058844178	-0.907670920619652	-1.0827203917127286
70.83899354356069	0.07154546216004576	-1.0438784535300318
70.26448676371592	1.6390894226157258	-0.9224971636825094
69.68266411084959	3.562339766525949	-0.8229645805760515
69.73602146978432	4.982018848052498	-0.8229645805760515
69.78937882871905	6.401697929579047	-0.8229645805760515
69.84273618765378	7.821377011105596	-0.8229645805760515
69.89609354658852	9.241056092632144	-0.8229645805760515
69.94945090552325	10.660735174158694	-0.8229645805760515
70.00280826445798	12.080414255685243	-0.8229645805760515
70.05616562339272	13.500093337211792	-0.8229645805760515
70.00280826445798	12.080414255685243	-0.8229645805760515
70.05616562339272	13.500093337211792	-0.8229645805760515
70.00280826445798	12.080414255685243	-0.8229645805760515
70.05616562339272	13.500093337211792	-0.8229645805760515
70.00280826445798	12.080414255685243	-0.8229645805760515
70.05616562339272	13.500093337211792	-0.8229645805760515
70.00280826445798	12.080414255685243	-0.8229645805760515
70.05616562339272	13.500093337211792	-0.8229645805760515
70.00280826445798	12.080414255685243	-0.8229645805760515
70.05616562339272	13.500093337211792	-0.8229645805760515
70.00280826445798	12.080414255685243	-0.8229645805760515
70.05616562339272	13.500093337211792	-0.8229645805760515
70.00280826445798	12.080414255685243	-0.8229645805760515
70.05616562339272	13.500093337211792	-0.8229645805760515
70.00280826445798	12.080414255685243	-0.8229645805760515
70.05616562339272	13.500093337211792	-0.8229645805760515
70.00280826445798	12.080414255685243	-0.8229645805760515
70.05616562339272	13.500093337211792	-0.8229645805760515
70.00280826445798	12.080414255685243	-0.8229645805760515
70.05616562339272	13.500093337211792	-0.8229645805760515
70.00280826445798	12.080414255685243	-0.8229645805760515
70.05616562339272	13.500093337211792	-0.8229645805760515
70.00280826445798	12.080414255685243	-0.8229645805760515
70.05616562339272	13.500093337211792	-0.8229645805760515
70.00280826445798	12.080414255685243	-0.8229645805760515
70.05616562339272	13.500093337211792	-0.8229645805760515
70.00280826445798	12.080414255685243	-0.8229645805760515
70.05616562339272	13.500093337211792	-0.8229645805760515
70.00280826445798	12.080414255685243	-0.8229645805760515
70.05616562339272	13.500093337211792	-0.8229645805760515
70.00280826445798	12.080414255685243	-0.8229645805760515
70.05616562339272	13.500093337211792	-0.8229645805760515
70.00280826445798	12.080414255685243	-0.8229645805760515
70.05616562339272	13.500093337211792	-0.8229645805760515
70.00280826445798	12.080414255685243	-0.8229645805760515
70.05616562339272	13.500093337211792	-0.8229645805760515
70.00280826445798	12.080414255685243	-0.8229645805760515
70.05616562339272	13.500093337211792	-0.8229645805760515
70.00280826445798	12.080414255685243	-0.8229645805760515
70.05616562339272	13.500093337211792	-0.8229645805760515
70.00280826445798	12.080414255685243	-0.8229645805760515
70.05616562339272	13.500093337211792	-0.8229645805760515
70.00280826445798	12.080414255685243	-0.8229645805760515
70.05616562339272	13.500093337211792	-0.8229645805760515
70.00280826445798	12.080414255685243	-0.8229645805760515
70.05616562339272	13.500093337211792	-0.8229645805760515
70.00280826445798	12.080414255685243	-0.8229645805760515
70.05616562339272	13.500093337211792	-0.8229645805760515
70.00280826445798	12.080414255685243	-0.8229645805760515
70.05616562339272	13.500093337211792	-0.8229645805760515
70.00280826445798	12.080414255685243	-0.8229645805760515
70.05616562339272	13.500093337211792	-0.8229645805760515
70.00280826445798	12.080414255685243	-0.8229645805760515
70.05616562339272	13.500093337211792	-0.8229645805760515
70.00280826445798	12.080414255685243	-0.8229645805760515
70.05616562339272	13.500093337211792	-0.8229645805760515
70.00280826445798	12.080414255685243	-0.8229645805760515
70.05616562339272	13.500093337211792	-0.8229645805760515
70.00280826445798	12.080414255685243	-0.8229645805760515
70.05616562339272	13.500093337211792	-0.8229645805760515
70.00280826445798	12.080414255685243	-0.8229645805760515
70.05616562339272	13.500093337211792	-0.8229645805760515
70.00280826445798	12.080414255685243	-0.8229645805760515
70.05616562339272	13.500093337211792	-0.8229645805760515
70.00280826445798	12.080414255685243	-0.8229645805760515
70.05616562339272	13.500093337211792	-0.8229645805760515
70.00280826445798	12.080414255685243	-0.8229645805760515
70.05616562339272	13.500093337211792	-0.8229645805760515
70.00280826445798	12.080414255685243	-0.8229645805760515
70.05616562339272	13.500093337211792	-0.8229645805760515
70.00280826445798	12.080414255685243	-0.8229645805760515
70.05616562339272	13.500093337211792	-0.8229645805760515
70.00280826445798	12.080414255685243	-0.8229645805760515
70.05616562339272	13.500093337211792	-0.8229645805760515
70.00280826445798	12.080414255685243	-0.8229645805760515
70.05616562339272	13.500093337211792	-0.8229645805760515
70.00280826445798	12.080414255685243	-0.8229645805760515
70.05616562339272	13.500093337211792	-0.8229645805760515
70.00280826445798	12.080414255685243	-0.8229645805760515
70.05616562339272	13.500093337211792	-0.8229645805760515
70.00280826445798	12.080414255685243	-0.8229645805760515
70.05616562339272	13.500093337211792	-0.8229645805760515
70.00280826445798	12.080414255685243	-0.8229645805760515
70.05616562339272	13.500093337211792	-0.8229645805760515
70.00280826445798	12.080414255685243	-0.8229645805760515
70.05616562339272	13.500093337211792	-0.8229645805760515
70.00280826445798	12.080414255685243	-0.8229645805760515
70.05616562339272	13.500093337211792	-0.8229645805760515
70.00280826445798	12.080414255685243	-0.8229645805760515
70.05616562339272	13.500093337211792	-0.8229645805760515
70.00280826445798	12.080414255685243	-0.8229645805760515
70.05616562339272	13.500093337211792	-0.8229645805760515
70.00280826445798	12.080414255685243	-0.8229645805760515
70.05616562339272	13.500093337211792	-0.8229645805760515
70.00280826445798	12.080414255685243	-0.8229645805760515
70.05616562339272	13.500093337211792	-0.8229645805760515
70.00280826445798	12.080414255685243	-0.8229645805760515
70.05616562339272	13.500093337211792	-0.8229645805760515
70.00280826445798	12.080414255685243	-0.8229645805760515
70.05616562339272	13.500093337211792	-0.8229645805760515
70.00280826445798	12.080414255685243	-0.8229645805760515
70.05616562339272	13.500093337211792	-0.8229645805760515
70.00280826445798	12.080414255685243	-0.8229645805760515
70.05616562339272	13.500093337211792	-0.8229645805760515
70.00280826445798	12.080414255685243	-0.8229645805760515
70.05616562339272	13.500093337211792	-0.8229645805760515
70.00280826445798	12.080414255685243	-0.8229645805760515
70.05616562339272	13.500093337211792	-0.8229645805760515
70.00280826445798	12.080414255685243	-0.8229645805760515
70.05616562339272	13.500093337211792	-0.8229645805760515
70.00280826445798	12.080414255685243	-0.8229645805760515
70.05616562339272	13.500093337211792	-0.8229645805760515
70.00280826445798	12.080414255685243	-0.8229645805760515
70.05616562339272	13.500093337211792	-0.8229645805760515
70.00280826445798	12.080414255685243	-0.8229645805760515
70.05616562339272	13.500093337211792	-0.8229645805760515
70.00280826445798	12.080414255685243	-0.8229645805760515
70.05616562339272	13.500093337211792	-0.8229645805760515
70.00280826445798	12.080414255685243	-0.8229645805760515
70.05616562339272	13.500093337211792	-0.8229645805760515
70.00280826445798	12.080414255685243	-0.8229645805760515
70.05616562339272	13.500093337211792	-0.8229645805760515
70.00280826445798	12.080414255685243	-0.8229645805760515
70.05616562339272	13.500093337211792	-0.8229645805760515
70.00280826445798	12.080414255685243	-0.8229645805760515
70.05616562339272	13.500093337211792	-0.8229645805760515
70.00280826445798	12.080414255685243	-0.8229645805760515
70.05616562339272	13.500093337211792	-0.8229645805760515
70.00280826445798	12.080414255685243	-0.8229645805760515
70.05616562339272	13.500093337211792	-0.8229645805760515
70.00280826445798	12.080414255685243	-0.8229645805760515
70.05616562339272	13.500093337211792	-0.8229645805760515
70.00280826445798	12.080414255685243	-0.8229645805760515
70.05616562339272	13.500093337211792	-0.8229645805760515
70.00280826445798	12.080414255685243	-0.8229645805760515
70.05616562339272	13.500093337211792	-0.8229645805760515
70.00280826445798	12.080414255685243	-0.8229645805760515
70.05616562339272	13.500093337211792	-0.8229645805760515
70.00280826445798	12.080414255685243	-0.8229645805760515
70.05616562339272	13.500093337211792	-0.8229645805760515
70.00280826445798	12.080414255685243	-0.8229645805760515
70.05616562339272	13.500093337211792	-0.8229645805760515
70.00280826445798	12.080414255685243	-0.8229645805760515
70.05616562339272	13.500093337211792	-0.8229645805760515
70.00280826445798	12.080414255685243	-0.8229645805760515
70.05616562339272	13.500093337211792	-0.8229645805760515
70.00280826445798	12.080414255685243	-0.8229645805760515
70.05616562339272	13.500093337211792	-0.8229645805760515
70.00280826445798	12.080414255685243	-0.8229645805760515
70.05616562339272	13.500093337211792	-0.8229645805760515
70.00280826445798	12.080414255685243	-0.8229645805760515
70.05616562339272	13.500093337211792	-0.8229645805760515
70.00280826445798	12.080414255685243	-0.8229645805760515
70.05616562339272	13.500093337211792	-0.8229645805760515
70.00280826445798	12.080414255685243	-0.8229645805760515
70.05616562339272	13.500093337211792	-0.8229645805760515
70.00280826445798	12.080414255685243	-0.8229645805760515
70.05616562339272	13.500093337211792	-0.8229645805760515
70.00280826445798	12.080414255685243	-0.8229645805760515
70.05616562339272	13.500093337211792	-0.8229645805760515
70.00280826445798	12.080414255685243	-0.8229645805760515
70.05616562339272	13.500093337211792	-0.8229645805760515
70.00280826445798	12.080414255685243	-0.8229645805760515
70.05616562339272	13.500093337211792	-0.8229645805760515
70.00280826445798	12.080414255685243	-0.8229645805760515
70.05616562339272	13.500093337211792	-0.8229645805760515
70.00280826445798	12.080414255685243	-0.8229645805760515
70.05616562339272	13.500093337211792	-0.8229645805760515
70.00280826445798	12.080414255685243	-0.8229645805760515
70.05616562339272	13.500093337211792	-0.8229645805760515
70.00280826445798	12.080414255685243	-0.8229645805760515
70.05616562339272	13.500093337211792	-0.8229645805760515
70.00280826445798	12.080414255685243	-0.8229645805760515
70.05616562339272	13.500093337211792	-0.8229645805760515
70.00280826445798	12.080414255685243	-0.8229645805760515
70.05616562339272	13.500093337211792	-0.8229645805760515
70.00280826445798	12.080414255685243	-0.8229645805760515
70.05616562339272	13.500093337211792	-0.8229645805760515
70.00280826445798	12.080414255685243	-0.8229645805760515
70.05616562339272	13.500093337211792	-0.8229645805760515
70.00280826445798	12.080414255685243	-0.8229645805760515
70.05616562339272	13.500093337211792	-0.8229645805760515
70.00280826445798	12.080414255685243	-0.8229645805760515
70.05616562339272	13.500093337211792	-0.8229645805760515
70.00280826445798	12.080414255685243	-0.8229645805760515
70.05616562339272	13.500093337211792	-0.8229645805760515
70.00280826445798	12.080414255685243	-0.8229645805760515
70.05616562339272	13.500093337211792	-0.8229645805760515
