X (in.)	Y (in.)	Theta (rad.)
0.0	0.0	0.0
51.0	-28.0	3.141592653589793
47.830733123879554	-28.0	3.141592653589793
45.929172998207285	-28.0	3.141592653589793
44.027612872535016	-28.0	3.141592653589793
42.12605274686275	-28.0	3.141592653589793
40.22449262119048	-28.0	3.141592653589793
38.32293249551821	-28.0	3.141592653589793
36.42137236984594	-28.0	3.141592653589793
34.51981224417367	-28.0	3.141592653589793
32.6182521185014	-28.0	3.141592653589793
30.716691992829134	-28.0	3.141592653589793
28.815131867156865	-28.0	3.141592653589793
26.99808552484781	-28.0	3.141592653589793
26.99808552484781	-28.0	3.141592653589793
26.99808552484781	-28.0	3.141592653589793
26.99808552484781	-28.0	3.141592653589793
26.99808552484781	-28.0	3.141592653589793
26.99808552484781	-28.0	3.141592653589793
26.99808552484781	-28.0	3.141592653589793
26.99808552484781	-28.0	3.141592653589793
26.99808552484781	-28.0	3.141592653589793
26.99808552484781	-28.0	3.141592653589793
26.99808552484781	-28.0	3.141592653589793
26.99808552484781	-28.0	3.141592653589793
26.99808552484781	-30.594287026164658	3.141592653589793
26.99808552484781	-32.15085924186345	3.141592653589793
26.99808552484781	-33.707431457562244	3.141592653589793
26.99808552484781	-35.26400367326104	3.141592653589793
26.99808552484781	-35.99732213932358	3.141592653589793
26.99808552484781	-35.99732213932358	3.141592653589793
26.99808552484781	-38.59160916548824	3.141592653589793
26.99808552484781	-40.14818138118703	3.141592653589793
26.99808552484781	-41.70475359688582	3.141592653589793
26.99808552484781	-43.261325812584616	3.141592653589793
26.99808552484781	-43.99464427864716	3.141592653589793
26.99808552484781	-43.99464427864716	3.141592653589793
23.828818648727363	-43.99464427864716	3.141592653589793
21.927258523055094	-43.99464427864716	3.141592653589793
20.025698397382826	-43.99464427864716	3.141592653589793
18.986178862015322	-43.99464427864716	3.141592653589793
18.986178862015322	-43.99464427864716	3.141592653589793
18.986178862015322	-43.99464427864716	3.141592653589793
18.986178862015322	-43.99464427864716	3.141592653589793
18.986178862015322	-43.99464427864716	3.141592653589793
18.986178862015322	-43.99464427864716	3.141592653589793
18.986178862015322	-43.99464427864716	3.141592653589793
18.986178862015322	-43.99464427864716	3.141592653589793
18.986178862015322	-43.99464427864716	3.141592653589793
18.986178862015322	-43.99464427864716	3.141592653589793
18.986178862015322	-43.99464427864716	3.141592653589793
18.986178862015322	-43.99464427864716	3.141592653589793
18.986178862015322	-43.99464427864716	3.141592653589793
18.986178862015322	-43.99464427864716	3.141592653589793
18.986178862015322	-43.99464427864716	3.141592653589793
18.986178862015322	-43.99464427864716	3.141592653589793
18.986178862015322	-43.99464427864716	3.141592653589793
18.986178862015322	-43.99464427864716	3.141592653589793
18.986178862015322	-43.99464427864716	3.141592653589793
18.986178862015322	-43.99464427864716	3.141592653589793
18.986178862015322	-43.99464427864716	3.141592653589793
18.986178862015322	-43.99464427864716	3.141592653589793
18.986178862015322	-43.99464427864716	3.141592653589793
18.986178862015322	-43.99464427864716	3.141592653589793
22.155445738135768	-43.99464427864716	3.141592653589793
23.989394837117466	-43.99464427864716	3.141592653589793
23.989394837117466	-43.99464427864716	3.141592653589793
24.66366110909619	-40.028820843096696	2.8047749473603107
25.690162576889943	-37.836250425548066	2.6026841638329556
27.13586213014154	-35.89433819760876	2.400593380305601
28.941915790041936	-34.28212457050595	2.1985027299363002
31.034814699110207	-33.0652282075085	1.996412079567
33.32937405508661	-32.29317900975182	1.7943214291976999
35.7322011077694	-31.997400787512035	1.5922307788283994
35.98530581965889	-31.994644975316504	1.571137078256372
35.98444187381973	-29.459231621615558	1.571137078256372
35.98392350631624	-27.93798360939499	1.571137078256372
35.98340513881274	-26.416735597174423	1.571137078256372
35.982886771309246	-24.895487584953855	1.571137078256372
35.98236840380575	-23.374239572733288	1.571137078256372
35.981850036302255	-21.85299156051272	1.571137078256372
35.98133166879876	-20.331743548292152	1.571137078256372
35.980813301295264	-18.810495536071585	1.571137078256372
35.98029493379177	-17.289247523851017	1.571137078256372
35.97977656628827	-15.767999511630448	1.571137078256372
35.97925819878478	-14.24675149940988	1.571137078256372
35.97873983128128	-12.725503487189313	1.571137078256372
35.978221463777786	-11.204255474968745	1.571137078256372
35.97770309627429	-9.683007462748177	1.571137078256372
35.977184728770794	-8.16175945052761	1.571137078256372
35.9766663612673	-6.640511438307042	1.571137078256372
35.9761479937638	-5.119263426086475	1.571137078256372
35.97562962626031	-3.5980154138659053	1.571137078256372
35.97511125875681	-2.076767401645336	1.571137078256372
35.974592891253316	-0.5555193894247665	1.571137078256372
35.97407452374982	0.9657286227958028	1.571137078256372
35.973556156246325	2.4869766350163722	1.571137078256372
35.97303778874283	4.008224647236942	1.571137078256372
35.97251942123933	5.529472659457511	1.571137078256372
35.97200105373584	7.05072067167808	1.571137078256372
35.97148268623234	8.57196868389865	1.571137078256372
35.970964318728846	10.09321669611922	1.571137078256372
35.97044595122535	11.614464708339789	1.571137078256372
35.969927583721855	13.135712720560358	1.571137078256372
35.96940921621836	14.656960732780927	1.571137078256372
35.968890848714864	16.178208745001495	1.571137078256372
35.96837248121137	17.699456757222066	1.571137078256372
35.96785411370787	19.220704769442634	1.571137078256372
35.96733574620438	20.7419527816632	1.571137078256372
35.96681737870088	22.263200793883772	1.571137078256372
35.966299011197385	23.784448806104344	1.571137078256372
35.96578064369389	25.30569681832491	1.571137078256372
35.965262276190394	26.82694483054548	1.571137078256372
35.9647439086869	28.348192842766046	1.571137078256372
35.9642255411834	29.869440854986614	1.571137078256372
35.96370717367991	31.39068886720718	1.571137078256372
35.96318880617641	32.91193687942775	1.571137078256372
35.96282018928504	33.99371324367349	1.571137078256372
35.96282018928504	33.99371324367349	1.571137078256372
38.557107064836345	33.99459725075204	1.571137078256372
40.113679190167126	33.99512765499916	1.571137078256372
41.67025131549791	33.99565805924629	1.571137078256372
43.22682344082869	33.99618846349341	1.571137078256372
44.78339556615947	33.99671886774054	1.571137078256372
45.95255418474126	33.997117260263934	1.571137078256372
45.95255418474126	33.997117260263934	1.571137078256372
45.95152896901213	37.005807773322395	1.571137078256372
45.95152896901213	37.005807773322395	1.571137078256372
45.95152896901213	37.005807773322395	1.571137078256372
45.95152896901213	37.005807773322395	1.571137078256372
45.95152896901213	37.005807773322395	1.571137078256372
45.95152896901213	37.005807773322395	1.571137078256372
45.95152896901213	37.005807773322395	1.571137078256372
45.95152896901213	37.005807773322395	1.571137078256372
45.95152896901213	37.005807773322395	1.571137078256372
45.95152896901213	37.005807773322395	1.571137078256372
45.95152896901213	37.005807773322395	1.571137078256372
45.95152896901213	37.005807773322395	1.571137078256372
45.95152896901213	37.005807773322395	1.571137078256372
45.95152896901213	37.005807773322395	1.571137078256372
45.95152896901213	37.005807773322395	1.571137078256372
45.95152896901213	37.005807773322395	1.571137078256372
45.95152896901213	37.005807773322395	1.571137078256372
45.95152896901213	37.005807773322395	1.571137078256372
45.95152896901213	37.005807773322395	1.571137078256372
45.95152896901213	37.005807773322395	1.571137078256372
45.95255418474126	33.997117260263934	1.571137078256372
45.95255418474126	33.997117260263934	1.571137078256372
43.358267309189955	33.99623325318539	1.571137078256372
41.801695183859174	33.995702848938265	1.571137078256372
40.24512305852839	33.995172444691136	1.571137078256372
38.68855093319761	33.99464204044401	1.571137078256372
37.13197880786683	33.994111636196884	1.571137078256372
35.96282018928504	33.99371324367349	1.571137078256372
35.96282018928504	33.99371324367349	1.571137078256372
35.96390012158398	30.824446551547304	1.571137078256372
35.96454808096335	28.92288653627159	1.571137078256372
35.96519604034271	27.021326520995878	1.571137078256372
35.965843999722075	25.119766505720165	1.571137078256372
35.96649195910144	23.218206490444455	1.571137078256372
35.967139918480804	21.316646475168746	1.571137078256372
35.96778787786017	19.415086459893033	1.571137078256372
35.96843583723953	17.51352644461732	1.571137078256372
35.9690837966189	15.61196642934161	1.571137078256372
35.96973175599826	13.710406414065897	1.571137078256372
35.970379715377625	11.808846398790186	1.571137078256372
35.970998876562355	9.991800161971174	1.571137078256372
35.970998876562355	9.991800161971174	1.571137078256372
35.970998876562355	9.991800161971174	1.571137078256372
35.970998876562355	9.991800161971174	1.571137078256372
35.970998876562355	9.991800161971174	1.571137078256372
35.970998876562355	9.991800161971174	1.571137078256372
35.970998876562355	9.991800161971174	1.571137078256372
35.970998876562355	9.991800161971174	1.571137078256372
35.970998876562355	9.991800161971174	1.571137078256372
35.970998876562355	9.991800161971174	1.571137078256372
35.970998876562355	9.991800161971174	1.571137078256372
35.970998876562355	9.991800161971174	1.571137078256372
35.970998876562355	9.991800161971174	1.571137078256372
35.970998876562355	9.991800161971174	1.571137078256372
35.970998876562355	9.991800161971174	1.571137078256372
35.970998876562355	9.991800161971174	1.571137078256372
35.970998876562355	9.991800161971174	1.571137078256372
35.970998876562355	9.991800161971174	1.571137078256372
35.970998876562355	9.991800161971174	1.571137078256372
35.970998876562355	9.991800161971174	1.571137078256372
35.970998876562355	9.991800161971174	1.571137078256372
35.970998876562355	9.991800161971174	1.571137078256372
35.970998876562355	9.991800161971174	1.571137078256372
35.970998876562355	9.991800161971174	1.571137078256372
35.970998876562355	9.991800161971174	1.571137078256372
35.970998876562355	9.991800161971174	1.571137078256372
35.970998876562355	9.991800161971174	1.571137078256372
35.970998876562355	9.991800161971174	1.571137078256372
35.970998876562355	9.991800161971174	1.571137078256372
35.970998876562355	9.991800161971174	1.571137078256372
35.970998876562355	9.991800161971174	1.571137078256372
35.970998876562355	9.991800161971174	1.571137078256372
35.970998876562355	9.991800161971174	1.571137078256372
35.970998876562355	9.991800161971174	1.571137078256372
35.970998876562355	9.991800161971174	1.571137078256372
35.970998876562355	9.991800161971174	1.571137078256372
35.970998876562355	9.991800161971174	1.571137078256372
35.970998876562355	9.991800161971174	1.571137078256372
35.970998876562355	9.991800161971174	1.571137078256372
35.970998876562355	9.991800161971174	1.571137078256372
35.970998876562355	9.991800161971174	1.571137078256372
35.970998876562355	9.991800161971174	1.571137078256372
35.970998876562355	9.991800161971174	1.571137078256372
35.970998876562355	9.991800161971174	1.571137078256372
35.970998876562355	9.991800161971174	1.571137078256372
35.970998876562355	9.991800161971174	1.571137078256372
35.970998876562355	9.991800161971174	1.571137078256372
35.970998876562355	9.991800161971174	1.571137078256372
35.970998876562355	9.991800161971174	1.571137078256372
35.970998876562355	9.991800161971174	1.571137078256372
35.970998876562355	9.991800161971174	1.571137078256372
35.970998876562355	9.991800161971174	1.571137078256372
35.970998876562355	9.991800161971174	1.571137078256372
35.970998876562355	9.991800161971174	1.571137078256372
35.970998876562355	9.991800161971174	1.571137078256372
35.970998876562355	9.991800161971174	1.571137078256372
35.970998876562355	9.991800161971174	1.571137078256372
35.970998876562355	9.991800161971174	1.571137078256372
35.970998876562355	9.991800161971174	1.571137078256372
35.970998876562355	9.991800161971174	1.571137078256372
35.970998876562355	9.991800161971174	1.571137078256372
35.970998876562355	9.991800161971174	1.571137078256372
35.970998876562355	9.991800161971174	1.571137078256372
35.970998876562355	9.991800161971174	1.571137078256372
35.970998876562355	9.991800161971174	1.571137078256372
35.970998876562355	9.991800161971174	1.571137078256372
35.970998876562355	9.991800161971174	1.571137078256372
35.970998876562355	9.991800161971174	1.571137078256372
35.970998876562355	9.991800161971174	1.571137078256372
35.970998876562355	9.991800161971174	1.571137078256372
35.970998876562355	9.991800161971174	1.571137078256372
35.970998876562355	9.991800161971174	1.571137078256372
35.970998876562355	9.991800161971174	1.571137078256372
35.970998876562355	9.991800161971174	1.571137078256372
35.970998876562355	9.991800161971174	1.571137078256372
35.970998876562355	9.991800161971174	1.571137078256372
35.970998876562355	9.991800161971174	1.571137078256372
35.970998876562355	9.991800161971174	1.571137078256372
35.970998876562355	9.991800161971174	1.571137078256372
35.970998876562355	9.991800161971174	1.571137078256372
35.970998876562355	9.991800161971174	1.571137078256372
35.970998876562355	9.991800161971174	1.571137078256372
35.970998876562355	9.991800161971174	1.571137078256372
35.970998876562355	9.991800161971174	1.571137078256372
35.970998876562355	9.991800161971174	1.571137078256372
35.970998876562355	9.991800161971174	1.571137078256372
35.970998876562355	9.991800161971174	1.571137078256372
35.970998876562355	9.991800161971174	1.571137078256372
35.970998876562355	9.991800161971174	1.571137078256372
35.970998876562355	9.991800161971174	1.571137078256372
35.970998876562355	9.991800161971174	1.571137078256372
35.970998876562355	9.991800161971174	1.571137078256372
35.970998876562355	9.991800161971174	1.571137078256372
35.970998876562355	9.991800161971174	1.571137078256372
35.970998876562355	9.991800161971174	1.571137078256372
35.970998876562355	9.991800161971174	1.571137078256372
35.970998876562355	9.991800161971174	1.571137078256372
35.970998876562355	9.991800161971174	1.571137078256372
35.970998876562355	9.991800161971174	1.571137078256372
35.970998876562355	9.991800161971174	1.571137078256372
35.970998876562355	9.991800161971174	1.571137078256372
35.970998876562355	9.991800161971174	1.571137078256372
35.970998876562355	9.991800161971174	1.571137078256372
35.970998876562355	9.991800161971174	1.571137078256372
35.970998876562355	9.991800161971174	1.571137078256372
35.970998876562355	9.991800161971174	1.571137078256372
35.970998876562355	9.991800161971174	1.571137078256372
35.970998876562355	9.991800161971174	1.571137078256372
35.970998876562355	9.991800161971174	1.571137078256372
35.970998876562355	9.991800161971174	1.571137078256372
35.970998876562355	9.991800161971174	1.571137078256372
35.970998876562355	9.991800161971174	1.571137078256372
35.970998876562355	9.991800161971174	1.571137078256372
35.970998876562355	9.991800161971174	1.571137078256372
35.970998876562355	9.991800161971174	1.571137078256372
35.970998876562355	9.991800161971174	1.571137078256372
35.970998876562355	9.991800161971174	1.571137078256372
35.970998876562355	9.991800161971174	1.571137078256372
35.970998876562355	9.991800161971174	1.571137078256372
35.970998876562355	9.991800161971174	1.571137078256372
35.970998876562355	9.991800161971174	1.571137078256372
35.970998876562355	9.991800161971174	1.571137078256372
35.970998876562355	9.991800161971174	1.571137078256372
35.970998876562355	9.991800161971174	1.571137078256372
35.970998876562355	9.991800161971174	1.571137078256372
35.970998876562355	9.991800161971174	1.571137078256372
35.970998876562355	9.991800161971174	1.571137078256372
35.970998876562355	9.991800161971174	1.571137078256372
35.970998876562355	9.991800161971174	1.571137078256372
35.970998876562355	9.991800161971174	1.571137078256372
35.970998876562355	9.991800161971174	1.571137078256372
35.970998876562355	9.991800161971174	1.571137078256372
35.970998876562355	9.991800161971174	1.571137078256372
35.970998876562355	9.991800161971174	1.571137078256372
