X (in.)	Y (in.)	Theta (rad.)
-31.0	-63.0	1.5707963267948966
-31.0	-63.0	1.5707963267948966
-31.0	-63.0	1.5707963267948966
-31.06969775242971	-61.897225891417484	1.6339145762103195
-31.2011350546612	-60.98584285719759	1.714026190225429
-31.441841262030188	-59.746167535276676	1.762578679532827
-31.782450245779067	-58.00328628430268	1.7637925483576855
-32.12517460728456	-56.26081977190201	1.7650064171825433
-32.470013841550106	-54.518770565559585	1.7662202860074014
-32.81696744046289	-52.777141232145446	1.7674341548322599
-33.16603489279464	-51.03593433791095	1.7686480236571176
-33.51721568420239	-49.29515244848501	1.769861892481976
-33.87050929722919	-47.5547981288703	1.7710757613068342
-34.22591521130491	-45.81487394343948	1.772289630131692
-34.22591521130491	-45.81487394343948	1.772289630131692
-34.22591521130491	-45.81487394343948	1.772289630131692
-34.22591521130491	-45.81487394343948	1.772289630131692
-34.22591521130491	-45.81487394343948	1.772289630131692
-34.22591521130491	-45.81487394343948	1.772289630131692
-34.22591521130491	-45.81487394343948	1.772289630131692
-34.22591521130491	-45.81487394343948	1.772289630131692
-34.22591521130491	-45.81487394343948	1.772289630131692
-34.22591521130491	-45.81487394343948	1.772289630131692
-34.22591521130491	-45.81487394343948	1.772289630131692
-34.583432902746985	-44.075382455931404	1.7735034989565504
-34.583432902746985	-44.075382455931404	1.7735034989565504
-34.583432902746985	-44.075382455931404	1.7735034989565504
-34.583432902746985	-44.075382455931404	1.9385820691281477
-34.583432902746985	-44.075382455931404	2.1036606392997443
-34.583432902746985	-44.075382455931404	2.2687392094713417
-34.68233640045195	-43.988652566957924	2.421679490868521
-35.924273737657394	-42.931178726488206	2.4362451178184914
-37.27777944426001	-41.78153885374489	2.4374589866433496
-38.36339866889781	-40.9276101694095	2.475087056001188
-38.63570367753036	-40.76785760714059	2.611033972798681
-38.782293946578946	-40.70929979178068	2.7615467828622533
-40.05964534339384	-40.25746777674575	2.8016025898698085
-41.73456140411642	-39.667293459835335	2.8028164586946662
-43.41019262489216	-39.07915270562023	2.8040303275195244
-45.08653653671643	-38.493046380712514	2.8052441963443826
-46.76359066953445	-37.90897534872658	2.806458065169241
-48.44135255224496	-37.326940470277854	2.807671933994099
-50.11981971270382	-36.74694260298155	2.8088858028189567
-50.618648464582584	-36.50943048936941	2.6972149309380815
-50.618648464582584	-36.50943048936941	2.534563965258146
-50.618648464582584	-36.50943048936941	2.3719129995782104
-50.666146305374745	-36.44639568707775	2.2165449805313147
-51.58526942593717	-35.179261653224245	2.19833774710677
-52.62971629960765	-33.743023419891394	2.1995516159316284
-52.902837222168635	-33.26276610399411	2.087880877208807
-52.902837222168635	-33.26276610399411	1.9252300446869264
-52.95612237795319	-33.01857756264405	1.7856416545729132
-53.31258885056593	-31.346063433155127	1.7807864455895899
-53.68487359675116	-29.60967246261741	1.782000314414448
-54.0592658190091	-27.873734676082456	1.7832141832393062
-54.36137181502622	-26.33778287421081	1.7650069498147616
-54.48202005320805	-25.358603307186627	1.693392018099495
-54.50516918005318	-24.595996033595707	1.6011422484680227
-54.485243891525116	-23.333325306556095	1.555017363652286
-54.45937935740979	-21.55766189231281	1.5562312324771443
-54.43567026428252	-19.78196839012551	1.5574451013020023
-54.41411664707813	-18.006247416438335	1.5586589701268605
-54.394718537555384	-16.23050158773591	1.5598728389517187
-54.377475964296956	-14.454733520539477	1.5610867077765767
-54.36238895270939	-12.678945831403055	1.5623005766014348
-54.36238895270939	-12.678945831403055	1.5623005766014348
-54.36238895270939	-12.678945831403055	1.5623005766014348
-54.36238895270939	-12.678945831403055	1.5623005766014348
-54.36238895270939	-12.678945831403055	1.5623005766014348
-54.36238895270939	-12.678945831403055	1.5623005766014348
-54.36238895270939	-12.678945831403055	1.5623005766014348
-54.36238895270939	-12.678945831403055	1.5623005766014348
-54.36238895270939	-12.678945831403055	1.5623005766014348
-54.36238895270939	-12.678945831403055	1.5623005766014348
-54.36238895270939	-12.678945831403055	1.5623005766014348
-54.36238895270939	-12.678945831403055	1.5623005766014348
-54.36238895270939	-12.678945831403055	1.5623005766014348
-54.36238895270939	-12.678945831403055	1.5623005766014348
-54.36238895270939	-12.678945831403055	1.5623005766014348
-54.36238895270939	-12.678945831403055	1.5623005766014348
-54.36238895270939	-12.678945831403055	1.5623005766014348
-54.36238895270939	-12.678945831403055	1.5623005766014348
-54.36238895270939	-12.678945831403055	1.5623005766014348
-54.36238895270939	-12.678945831403055	1.5623005766014348
-54.36238895270939	-12.678945831403055	1.5623005766014348
-54.36238895270939	-12.678945831403055	1.5623005766014348
-54.36238895270939	-12.678945831403055	1.5623005766014348
-54.36238895270939	-12.678945831403055	1.5623005766014348
-54.36238895270939	-12.678945831403055	1.5623005766014348
-54.36238895270939	-12.678945831403055	1.5623005766014348
-54.36238895270939	-12.678945831403055	1.5623005766014348
-54.36238895270939	-12.678945831403055	1.5623005766014348
-54.36238895270939	-12.678945831403055	1.5623005766014348
-54.36238895270939	-12.678945831403055	1.5623005766014348
-54.36238895270939	-12.678945831403055	1.5623005766014348
-54.36238895270939	-12.678945831403055	1.5623005766014348
-54.36238895270939	-12.678945831403055	1.5623005766014348
-54.36238895270939	-12.678945831403055	1.5623005766014348
-54.36238895270939	-12.678945831403055	1.5623005766014348
-54.36238895270939	-12.678945831403055	1.5623005766014348
-54.36238895270939	-12.678945831403055	1.5623005766014348
-54.36238895270939	-12.678945831403055	1.5623005766014348
-54.36238895270939	-12.678945831403055	1.5623005766014348
-54.36238895270939	-12.678945831403055	1.5623005766014348
-54.36238895270939	-12.678945831403055	1.5623005766014348
-54.36238895270939	-12.678945831403055	1.5623005766014348
-54.36238895270939	-12.678945831403055	1.5623005766014348
-54.36238895270939	-12.678945831403055	1.5623005766014348
-54.36238895270939	-12.678945831403055	1.5623005766014348
-54.36238895270939	-12.678945831403055	1.5623005766014348
-54.36238895270939	-12.678945831403055	1.5623005766014348
-54.36238895270939	-12.678945831403055	1.5623005766014348
-54.36238895270939	-12.678945831403055	1.5623005766014348
-54.36238895270939	-12.678945831403055	1.5623005766014348
-54.36238895270939	-12.678945831403055	1.5623005766014348
-54.36238895270939	-12.678945831403055	1.5623005766014348
-54.36238895270939	-12.678945831403055	1.5623005766014348
-54.36238895270939	-12.678945831403055	1.6278464305085194
-54.36238895270939	-12.678945831403055	1.6933922844156042
-54.36238895270939	-12.678945831403055	1.7589381383226887
-54.36238895270939	-12.678945831403055	1.8244839922297738
-54.36238895270939	-12.678945831403055	1.8900298461368583
-54.36238895270939	-12.678945831403055	1.955575700043943
-54.36238895270939	-12.678945831403055	1.7929248675220621
-54.36238895270939	-12.678945831403055	1.6302740350001812
-54.36238895270939	-12.678945831403055	1.4676232024783002
-54.36238895270939	-12.678945831403055	1.3049723699564195
-54.36238895270939	-12.678945831403055	1.1423215374345383
-54.36238895270939	-12.678945831403055	0.9796706383336303
-54.282310882842665	-12.59174650295886	0.8279440260242271
-53.156951672020874	-11.392866684780511	0.8170197392327222
-51.94313623852955	-10.096602194707058	0.818233541478553
-50.73089510756778	-8.79886532799961	0.8194473437243839
-49.77759493339646	-7.854659635946142	0.7806053389626599
-49.77759493339646	-7.854659635946142	0.6179544398617518
-49.77759493339646	-7.854659635946142	0.45530354076084356
-49.40413557365568	-7.7271296938985685	0.3290670419299976
-47.73601710014688	-7.15749595275274	0.3290670419299976
-46.05614780173062	-6.581571760653147	0.3302808441758285
-44.614215090056405	-6.124099559498153	0.3072184017679603
-43.97029886420281	-5.9900425508296244	0.20525814759081337
-43.60305393804782	-5.961858652403496	0.07659401097879207
-42.43258981079675	-5.93613655793438	0.02197244178261778
-40.65721536323292	-5.894964896023001	0.023186254431421652
-38.88189219820677	-5.851638293009922	0.02440006708022552
-37.106622931374645	-5.806156812730003	0.0256138797290294
-35.33141017831348	-5.7585205221929705	0.026827692377833272
-33.556256554516956	-5.708729491583323	0.028041505026637145
-31.781164675391615	-5.656783794260227	0.02925531767544102
-30.006137156253043	-5.602683506757405	0.030469130324244885
-28.231176612322002	-5.546428708783027	0.03168294297304876
-26.45628565872057	-5.488019483219592	0.03289675562185263
-24.681466910468302	-5.4274559161238045	0.034110568270656505
-22.906722982478364	-5.364738096726448	0.03532438091946038
-21.132056489418716	-5.2998661211246185	0.03653819148766965
-19.357470045969237	-5.232840084896526	0.037752002055878926
-19.357470045969237	-5.232840084896526	0.037752002055878926
-19.357470045969237	-5.232840084896526	0.4710831031146993
-19.357470045969237	-5.232840084896526	0.9044142333018441
-19.357470045969237	-5.232840084896526	1.213936469149805
-19.357470045969237	-5.232840084896526	1.4032912173960737
-19.357470045969237	-5.232840084896526	1.5052515381522478
-19.357470045969237	-5.232840084896526	1.5525902917928422
-19.357470045969237	-5.232840084896526	1.585363285325412
-19.357470045969237	-5.232840084896526	1.6181362788579816
-19.357470045969237	-5.232840084896526	1.6181362788579816
-19.357470045969237	-5.232840084896526	1.6181362788579816
-19.357470045969237	-5.232840084896526	1.6181362788579816
-19.357470045969237	-5.232840084896526	1.6181362788579816
-19.357470045969237	-5.232840084896526	1.6181362788579816
-19.357470045969237	-5.232840084896526	1.6181362788579816
-19.357470045969237	-5.232840084896526	1.6181362788579816
-19.357470045969237	-5.232840084896526	1.6181362788579816
-19.357470045969237	-5.232840084896526	1.6181362788579816
-19.357470045969237	-5.232840084896526	1.6181362788579816
-19.357470045969237	-5.232840084896526	1.6181362788579816
-19.357470045969237	-5.232840084896526	1.6181362788579816
-19.357470045969237	-5.232840084896526	1.6181362788579816
-19.357470045969237	-5.232840084896526	1.6181362788579816
-19.357470045969237	-5.232840084896526	1.6181362788579816
-19.357470045969237	-5.232840084896526	1.6181362788579816
-19.357470045969237	-5.232840084896526	1.6181362788579816
-15.51451976273865	-5.2048469824973465	1.5780804718504267
-12.30782274365075	-5.30997341050874	1.538024664842872
-10.992479640238084	-5.359489025665009	1.5331694558595486
-10.992479640238084	-5.359489025665009	1.5331694558595486
-10.992479640238084	-5.359489025665009	1.5331694558595486
-10.992479640238084	-5.359489025665009	1.5331694558595486
-10.992479640238084	-5.359489025665009	1.5331694558595486
-10.992479640238084	-5.359489025665009	1.5331694558595486
-10.992479640238084	-5.359489025665009	1.5331694558595486
-10.992479640238084	-5.359489025665009	1.5331694558595486
-10.992479640238084	-5.359489025665009	1.5331694558595486
-10.992479640238084	-5.359489025665009	1.5331694558595486
-10.992479640238084	-5.359489025665009	1.5331694558595486
-10.992479640238084	-5.359489025665009	1.5331694558595486
-10.992479640238084	-5.359489025665009	1.5331694558595486
-10.992479640238084	-5.359489025665009	1.5331694558595486
-10.992479640238084	-5.359489025665009	1.5331694558595486
-10.992479640238084	-5.359489025665009	1.5331694558595486
-10.992479640238084	-5.359489025665009	1.5331694558595486
-10.992479640238084	-5.359489025665009	1.5331694558595486
-7.137777144441688	-5.387557981472998	1.5635147117424018
-3.9537093346976313	-5.3141087613490585	1.5938599676252552
-2.6379475224096964	-5.277364657545393	1.5987151766085788
-2.6379475224096964	-5.277364657545393	1.5987151766085788
-2.6379475224096964	-5.277364657545393	1.5987151766085788
-2.6379475224096964	-5.277364657545393	1.5987151766085788
-2.6379475224096964	-5.277364657545393	1.5987151766085788
-2.6379475224096964	-5.277364657545393	1.5987151766085788
-2.6379475224096964	-5.277364657545393	1.5987151766085788
-2.6379475224096964	-5.277364657545393	1.5987151766085788
-2.6379475224096964	-5.277364657545393	1.5987151766085788
-2.6379475224096964	-5.277364657545393	1.5987151766085788
-2.6379475224096964	-5.277364657545393	1.5987151766085788
-2.6379475224096964	-5.277364657545393	1.5987151766085788
-2.6379475224096964	-5.277364657545393	1.5987151766085788
-2.6379475224096964	-5.277364657545393	1.5987151766085788
-2.6379475224096964	-5.277364657545393	1.5987151766085788
-2.6379475224096964	-5.277364657545393	1.5987151766085788
-2.6379475224096964	-5.277364657545393	1.5987151766085788
-2.6379475224096964	-5.277364657545393	1.5987151766085788
-2.668849743680516	-0.1866833555232672	1.576866603025569
-2.5885293132683787	4.903458066332864	1.5550180294425586
-2.533705841513084	7.560092883128863	1.5501628204592353
-2.533705841513084	7.560092883128863	1.5501628204592353
-2.533705841513084	7.560092883128863	1.5501628204592353
-2.533705841513084	7.560092883128863	1.5501628204592353
-2.533705841513084	7.560092883128863	1.5501628204592353
-2.533705841513084	7.560092883128863	1.5501628204592353
-2.533705841513084	7.560092883128863	1.5501628204592353
-2.533705841513084	7.560092883128863	1.5501628204592353
-2.533705841513084	7.560092883128863	1.5501628204592353
-2.533705841513084	7.560092883128863	1.5501628204592353
-2.533705841513084	7.560092883128863	1.5501628204592353
-2.533705841513084	7.560092883128863	1.5501628204592353
-2.533705841513084	7.560092883128863	1.5501628204592353
-2.533705841513084	7.560092883128863	1.5501628204592353
-2.533705841513084	7.560092883128863	1.5501628204592353
-2.533705841513084	7.560092883128863	1.5501628204592353
-2.533705841513084	7.560092883128863	1.5501628204592353
-2.533705841513084	7.560092883128863	1.5501628204592353
-2.533705841513084	7.560092883128863	1.5501628204592353
-2.533705841513084	7.560092883128863	1.5501628204592353
-2.533705841513084	7.560092883128863	1.5501628204592353
-2.533705841513084	7.560092883128863	1.5501628204592353
-2.533705841513084	7.560092883128863	1.5501628204592353
-2.533705841513084	7.560092883128863	1.5501628204592353
-2.533705841513084	7.560092883128863	1.5501628204592353
-2.533705841513084	7.560092883128863	1.5501628204592353
-2.533705841513084	7.560092883128863	1.5501628204592353
-2.533705841513084	7.560092883128863	1.5501628204592353
-2.533705841513084	7.560092883128863	1.5501628204592353
-2.533705841513084	7.560092883128863	1.5501628204592353
-2.533705841513084	7.560092883128863	1.5501628204592353
-2.533705841513084	7.560092883128863	1.5501628204592353
-2.533705841513084	7.560092883128863	1.5501628204592353
-2.533705841513084	7.560092883128863	1.5501628204592353
-2.533705841513084	7.560092883128863	1.5501628204592353
-2.533705841513084	7.560092883128863	1.5501628204592353
-2.533705841513084	7.560092883128863	1.5501628204592353
-2.533705841513084	7.560092883128863	1.5501628204592353
-2.533705841513084	7.560092883128863	1.5501628204592353
-2.533705841513084	7.560092883128863	1.5501628204592353
-2.533705841513084	7.560092883128863	1.5501628204592353
-2.533705841513084	7.560092883128863	1.5501628204592353
-2.533705841513084	7.560092883128863	1.5501628204592353
-2.533705841513084	7.560092883128863	1.5501628204592353
-2.533705841513084	7.560092883128863	1.5501628204592353
-2.533705841513084	7.560092883128863	1.5501628204592353
-2.533705841513084	7.560092883128863	1.5501628204592353
-2.533705841513084	7.560092883128863	1.5501628204592353
-2.533705841513084	7.560092883128863	1.5501628204592353
-2.533705841513084	7.560092883128863	1.5501628204592353
-2.533705841513084	7.560092883128863	1.5501628204592353
-2.533705841513084	7.560092883128863	1.5501628204592353
-2.533705841513084	7.560092883128863	1.5501628204592353
-2.533705841513084	7.560092883128863	1.5501628204592353
-2.533705841513084	7.560092883128863	1.5501628204592353
-2.533705841513084	7.560092883128863	1.5501628204592353
-2.533705841513084	7.560092883128863	1.5501628204592353
-2.533705841513084	7.560092883128863	1.5501628204592353
-2.533705841513084	7.560092883128863	1.5501628204592353
-2.533705841513084	7.560092883128863	1.5501628204592353
-2.533705841513084	7.560092883128863	1.5501628204592353
-2.533705841513084	7.560092883128863	1.5501628204592353
-2.533705841513084	7.560092883128863	1.5501628204592353
-2.533705841513084	7.560092883128863	1.5501628204592353
-2.533705841513084	7.560092883128863	1.5501628204592353
-2.533705841513084	7.560092883128863	1.5501628204592353
-2.533705841513084	7.560092883128863	1.5501628204592353
-2.533705841513084	7.560092883128863	1.5501628204592353
-2.533705841513084	7.560092883128863	1.5501628204592353
-2.533705841513084	7.560092883128863	1.5501628204592353
-2.533705841513084	7.560092883128863	1.5501628204592353
-2.533705841513084	7.560092883128863	1.5501628204592353
-2.533705841513084	7.560092883128863	1.5501628204592353
-2.533705841513084	7.560092883128863	1.5501628204592353
-2.533705841513084	7.560092883128863	1.5501628204592353
-2.533705841513084	7.560092883128863	1.5501628204592353
